"Plot Title: sarlab_hobo_1"
"#","Date Time, GMT-07:00","snow_depth, inches (LGR S/N: 20584853, SEN S/N: 20460884)","Current, mA (LGR S/N: 20584853, SEN S/N: 20460884)"
1,09/23/22 02:11:46 PM,-9.729,0.0187
2,09/23/22 08:11:46 PM,-8.363,0.0187
3,09/24/22 02:11:46 AM,-8.052,0.0187
4,09/24/22 08:11:46 AM,-8.114,0.0187
5,09/24/22 02:11:46 PM,-8.301,0.0187
6,09/24/22 08:11:46 PM,-7.804,0.0125
7,09/25/22 02:11:46 AM,-7.431,0.0125
8,09/25/22 08:11:46 AM,-7.618,0.0125
9,09/25/22 02:11:46 PM,-7.804,0.0187
10,09/25/22 08:11:46 PM,-7.928,0.0187
11,09/26/22 02:11:46 AM,-7.866,0.0187
12,09/26/22 08:11:46 AM,-7.742,0.0125
13,09/26/22 02:11:46 PM,-8.114,0.0125
14,09/26/22 08:11:46 PM,-8.425,0.0125
15,09/27/22 02:11:46 AM,-10.660,0.0125
16,09/27/22 08:11:46 AM,-7.245,0.0125
17,09/27/22 02:11:46 PM,-0.912,0.0125
18,09/27/22 08:11:46 PM,-0.166,0.0125
19,09/28/22 02:11:46 AM,-0.104,0.0125
20,09/28/22 08:11:46 AM,-0.539,0.0125
21,09/28/22 02:11:46 PM,-1.532,0.0187
22,09/28/22 08:11:46 PM,-1.036,0.0125
23,09/29/22 02:11:46 AM,-2.464,0.0125
24,09/29/22 08:11:46 AM,110.235,0.0125
25,09/29/22 02:11:46 PM,-2.091,0.0125
26,09/29/22 08:11:46 PM,-2.153,0.0125
27,09/30/22 02:11:46 AM,-4.016,0.0125
28,09/30/22 08:11:46 AM,-2.215,0.0125
29,09/30/22 02:11:46 PM,-2.712,0.0125
30,09/30/22 08:11:46 PM,-2.650,0.0125
31,10/01/22 02:11:46 AM,-2.712,0.0187
32,10/01/22 08:11:46 AM,-2.899,0.0125
33,10/01/22 02:11:46 PM,-3.271,0.0187
34,10/01/22 08:11:46 PM,-4.016,0.0187
35,10/02/22 02:11:46 AM,-3.023,0.0125
36,10/02/22 08:11:46 AM,-2.961,0.0125
37,10/02/22 02:11:46 PM,-3.023,0.0125
38,10/02/22 08:11:46 PM,-2.588,0.0125
39,10/03/22 02:11:46 AM,-2.774,0.0125
40,10/03/22 08:11:46 AM,-2.899,0.0125
41,10/03/22 02:11:46 PM,-3.147,0.0125
42,10/03/22 08:11:46 PM,-2.899,0.0125
43,10/04/22 02:11:46 AM,-3.644,0.0125
44,10/04/22 08:11:46 AM,-3.644,0.0125
45,10/04/22 02:11:46 PM,-3.768,0.0187
46,10/04/22 08:11:46 PM,-3.395,0.0125
47,10/05/22 02:11:46 AM,-3.892,0.0125
48,10/05/22 08:11:46 AM,-4.327,0.0125
49,10/05/22 02:11:46 PM,-3.209,0.0125
50,10/05/22 08:11:46 PM,-3.768,0.0187
51,10/06/22 02:11:46 AM,-4.327,0.0125
52,10/06/22 08:11:46 AM,-5.320,0.0125
53,10/06/22 02:11:46 PM,-5.569,0.0187
54,10/06/22 08:11:46 PM,-7.059,0.0187
55,10/07/22 02:11:46 AM,-8.611,0.0187
56,10/07/22 08:11:46 AM,-7.742,0.0187
57,10/07/22 02:11:46 PM,-8.611,0.0187
58,10/07/22 08:11:46 PM,-9.046,0.0187
59,10/08/22 02:11:46 AM,-7.990,0.0125
60,10/08/22 08:11:46 AM,-7.369,0.0125
61,10/08/22 02:11:46 PM,-7.742,0.0187
62,10/08/22 08:11:46 PM,-8.301,0.0187
63,10/09/22 02:11:46 AM,-7.990,0.0125
64,10/09/22 08:11:46 AM,-7.866,0.0125
65,10/09/22 02:11:46 PM,-8.238,0.0187
66,10/09/22 08:11:46 PM,-9.046,0.0125
67,10/10/22 02:11:46 AM,-8.487,0.0125
68,10/10/22 08:11:46 AM,-8.735,0.0125
69,10/10/22 02:11:46 PM,-9.170,0.0125
70,10/10/22 08:11:46 PM,-7.990,0.0125
71,10/11/22 02:11:46 AM,-9.170,0.0125
72,10/11/22 08:11:46 AM,-8.797,0.0125
73,10/11/22 02:11:46 PM,-8.238,0.0125
74,10/11/22 08:11:46 PM,-8.549,0.0125
75,10/12/22 02:11:46 AM,-8.238,0.0125
76,10/12/22 08:11:46 AM,-8.301,0.0125
77,10/12/22 02:11:46 PM,-7.369,0.0187
78,10/12/22 08:11:46 PM,-3.706,0.0125
79,10/13/22 02:11:46 AM,-3.582,0.0125
80,10/13/22 08:11:46 AM,-7.431,0.0125
81,10/13/22 02:11:46 PM,-6.997,0.0125
82,10/13/22 08:11:46 PM,-6.686,0.0125
83,10/14/22 02:11:46 AM,-3.271,0.0125
84,10/14/22 08:11:46 AM,-8.673,0.0125
85,10/14/22 02:11:46 PM,-7.121,0.0125
86,10/14/22 08:11:46 PM,-6.500,0.0125
87,10/15/22 02:11:46 AM,-3.209,0.0125
88,10/15/22 08:11:46 AM,-8.487,0.0125
89,10/15/22 02:11:46 PM,-6.189,0.0125
90,10/15/22 08:11:46 PM,-3.519,0.0125
91,10/16/22 02:11:46 AM,-6.189,0.0125
92,10/16/22 08:11:46 AM,-6.065,0.0125
93,10/16/22 02:11:46 PM,-7.555,0.0125
94,10/16/22 08:11:46 PM,-6.376,0.0125
95,10/17/22 02:11:46 AM,-6.003,0.0125
96,10/17/22 08:11:46 AM,-6.376,0.0125
97,10/17/22 02:11:46 PM,-6.127,0.0125
98,10/17/22 08:11:46 PM,-5.941,0.0125
99,10/18/22 02:11:46 AM,-5.817,0.0125
100,10/18/22 08:11:46 AM,-6.127,0.0125
101,10/18/22 02:11:46 PM,-6.003,0.0125
102,10/18/22 08:11:46 PM,-6.003,0.0125
103,10/19/22 02:11:46 AM,-6.810,0.0125
104,10/19/22 08:11:46 AM,-7.307,0.0125
105,10/19/22 02:11:46 PM,-6.127,0.0125
106,10/19/22 08:11:46 PM,-5.879,0.0125
107,10/20/22 02:11:46 AM,-6.189,0.0125
108,10/20/22 08:11:46 AM,-5.879,0.0125
109,10/20/22 02:11:46 PM,-6.438,0.0125
110,10/20/22 08:11:46 PM,-7.680,0.0125
111,10/21/22 02:11:46 AM,-7.928,0.0125
112,10/21/22 08:11:46 AM,-6.065,0.0125
113,10/21/22 02:11:46 PM,-6.500,0.0125
114,10/21/22 08:11:46 PM,-5.879,0.0125
115,10/22/22 02:11:46 AM,-5.258,0.0125
116,10/22/22 08:11:46 AM,-5.382,0.0125
117,10/22/22 02:11:46 PM,-6.127,0.0125
118,10/22/22 08:11:46 PM,-5.506,0.0125
119,10/23/22 02:11:46 AM,-5.072,0.0125
120,10/23/22 08:11:46 AM,-4.202,0.0125
121,10/23/22 02:11:46 PM,-3.768,0.0125
122,10/23/22 08:11:46 PM,-3.954,0.0125
123,10/24/22 02:11:46 AM,-4.637,0.0125
124,10/24/22 08:11:46 AM,-5.072,0.0125
125,10/24/22 02:11:46 PM,-5.258,0.0125
126,10/24/22 08:11:46 PM,-4.823,0.0125
127,10/25/22 02:11:46 AM,-5.134,0.0125
128,10/25/22 08:11:46 AM,-4.575,0.0125
129,10/25/22 02:11:46 PM,-5.010,0.0125
130,10/25/22 08:11:46 PM,-4.637,0.0125
131,10/26/22 02:11:46 AM,-4.513,0.0125
132,10/26/22 08:11:46 AM,-4.575,0.0125
133,10/26/22 02:11:46 PM,-4.699,0.0125
134,10/26/22 08:11:46 PM,-4.451,0.0125
135,10/27/22 02:11:46 AM,-4.575,0.0125
136,10/27/22 08:11:46 AM,-4.575,0.0125
137,10/27/22 02:11:46 PM,-4.637,0.0125
138,10/27/22 08:11:46 PM,-4.513,0.0125
139,10/28/22 02:11:46 AM,-4.575,0.0125
140,10/28/22 08:11:46 AM,-4.637,0.0125
141,10/28/22 02:11:46 PM,-4.637,0.0125
142,10/28/22 08:11:46 PM,-3.457,0.0125
143,10/29/22 02:11:46 AM,-4.327,0.0125
144,10/29/22 08:11:46 AM,-4.885,0.0125
145,10/29/22 02:11:46 PM,-3.954,0.0125
146,10/29/22 08:11:46 PM,-4.202,0.0125
147,10/30/22 02:11:46 AM,-5.631,0.0125
148,10/30/22 08:11:46 AM,-3.644,0.0125
149,10/30/22 02:11:46 PM,-3.644,0.0125
150,10/30/22 08:11:46 PM,-3.519,0.0125
151,10/31/22 02:11:46 AM,-3.582,0.0125
152,10/31/22 08:11:46 AM,-4.389,0.0125
153,10/31/22 02:11:46 PM,-4.078,0.0125
154,10/31/22 08:11:46 PM,-4.078,0.0125
155,11/01/22 02:11:46 AM,-4.327,0.0125
156,11/01/22 08:11:46 AM,-4.637,0.0125
157,11/01/22 02:11:46 PM,-4.016,0.0125
158,11/01/22 08:11:46 PM,-3.519,0.0125
159,11/02/22 02:11:46 AM,-3.333,0.0125
160,11/02/22 08:11:46 AM,-3.333,0.0125
161,11/02/22 02:11:46 PM,-3.209,0.0125
162,11/02/22 08:11:46 PM,-3.023,0.0125
163,11/03/22 02:11:46 AM,-3.333,0.0125
164,11/03/22 08:11:46 AM,-3.209,0.0125
165,11/03/22 02:11:46 PM,-3.519,0.0125
166,11/03/22 08:11:46 PM,-3.395,0.0125
167,11/04/22 02:11:46 AM,-2.961,0.0125
168,11/04/22 08:11:46 AM,-3.209,0.0125
169,11/04/22 02:11:46 PM,-4.575,0.0125
170,11/04/22 08:11:46 PM,-4.389,0.0125
171,11/05/22 02:11:46 AM,-2.836,0.0125
172,11/05/22 08:11:46 AM,-2.402,0.0125
173,11/05/22 02:11:46 PM,-2.526,0.0125
174,11/05/22 08:11:46 PM,-2.836,0.0125
175,11/06/22 02:11:46 AM,-2.836,0.0125
176,11/06/22 08:11:46 AM,-3.085,0.0125
177,11/06/22 02:11:46 PM,-2.899,0.0125
178,11/06/22 08:11:46 PM,-3.457,0.0125
179,11/07/22 02:11:46 AM,-3.768,0.0125
180,11/07/22 08:11:46 AM,-3.644,0.0125
181,11/07/22 02:11:46 PM,-5.072,0.0125
182,11/07/22 08:11:46 PM,-4.202,0.0125
183,11/08/22 02:11:46 AM,-2.774,0.0125
184,11/08/22 08:11:46 AM,-3.519,0.0125
185,11/08/22 02:11:46 PM,-2.899,0.0125
186,11/08/22 08:11:46 PM,-2.899,0.0125
187,11/09/22 02:11:46 AM,-2.774,0.0125
188,11/09/22 08:11:46 AM,-2.774,0.0125
189,11/09/22 02:11:46 PM,-3.147,0.0125
190,11/09/22 08:11:46 PM,-2.774,0.0125
191,11/10/22 02:11:46 AM,-2.712,0.0125
192,11/10/22 08:11:46 AM,-3.023,0.0125
193,11/10/22 02:11:46 PM,-2.899,0.0125
194,11/10/22 08:11:46 PM,-2.774,0.0125
195,11/11/22 02:11:46 AM,-2.278,0.0125
196,11/11/22 08:11:46 AM,-2.278,0.0125
197,11/11/22 02:11:46 PM,-2.340,0.0125
198,11/11/22 08:11:46 PM,-2.526,0.0125
199,11/12/22 02:11:46 AM,-2.153,0.0125
200,11/12/22 08:11:46 AM,-2.526,0.0125
201,11/12/22 02:11:46 PM,-2.588,0.0125
202,11/12/22 08:11:46 PM,-2.215,0.0125
203,11/13/22 02:11:46 AM,-2.402,0.0125
204,11/13/22 08:11:46 AM,-2.402,0.0125
205,11/13/22 02:11:46 PM,-2.464,0.0125
206,11/13/22 08:11:46 PM,-2.340,0.0125
207,11/14/22 02:11:46 AM,-2.402,0.0125
208,11/14/22 08:11:46 AM,-3.582,0.0125
209,11/14/22 02:11:46 PM,-0.787,0.0125
210,11/14/22 08:11:46 PM,-1.408,0.0125
211,11/15/22 02:11:46 AM,-1.532,0.0125
212,11/15/22 08:11:46 AM,-1.657,0.0125
213,11/15/22 02:11:46 PM,-2.215,0.0125
214,11/15/22 08:11:46 PM,-2.215,0.0125
215,11/16/22 02:11:46 AM,-3.582,0.0125
216,11/16/22 08:11:46 AM,-2.836,0.0125
217,11/16/22 02:11:46 PM,-1.967,0.0125
218,11/16/22 08:11:46 PM,-2.215,0.0125
219,11/17/22 02:11:46 AM,-1.657,0.0125
220,11/17/22 08:11:46 AM,-1.532,0.0125
221,11/17/22 02:11:46 PM,-1.905,0.0125
222,11/17/22 08:11:46 PM,-2.029,0.0125
223,11/18/22 02:11:46 AM,-2.153,0.0125
224,11/18/22 08:11:46 AM,-2.029,0.0125
225,11/18/22 02:11:46 PM,-2.278,0.0125
226,11/18/22 08:11:46 PM,-2.650,0.0125
227,11/19/22 02:11:46 AM,-2.464,0.0125
228,11/19/22 08:11:46 AM,-2.774,0.0125
229,11/19/22 02:11:46 PM,-1.532,0.0125
230,11/19/22 08:11:46 PM,-1.532,0.0125
231,11/20/22 02:11:46 AM,-1.532,0.0125
232,11/20/22 08:11:46 AM,-1.470,0.0125
233,11/20/22 02:11:46 PM,-1.719,0.0125
234,11/20/22 08:11:46 PM,-1.781,0.0125
235,11/21/22 02:11:46 AM,-1.657,0.0125
236,11/21/22 08:11:46 AM,-1.719,0.0125
237,11/21/22 02:11:46 PM,-1.967,0.0125
238,11/21/22 08:11:46 PM,-1.781,0.0125
239,11/22/22 02:11:46 AM,-1.905,0.0125
240,11/22/22 08:11:46 AM,-4.513,0.0125
241,11/22/22 02:11:46 PM,-1.595,0.0125
242,11/22/22 08:11:46 PM,-2.402,0.0125
243,11/23/22 02:11:46 AM,-2.153,0.0125
244,11/23/22 08:11:46 AM,-1.470,0.0125
245,11/23/22 02:11:46 PM,-1.781,0.0125
246,11/23/22 08:11:46 PM,-2.712,0.0125
247,11/24/22 02:11:46 AM,-1.719,0.0125
248,11/24/22 08:11:46 AM,-1.470,0.0125
249,11/24/22 02:11:46 PM,-1.843,0.0125
250,11/24/22 08:11:46 PM,-1.905,0.0125
251,11/25/22 02:11:46 AM,-1.843,0.0125
252,11/25/22 08:11:46 AM,-1.843,0.0125
253,11/25/22 02:11:46 PM,-2.029,0.0125
254,11/25/22 08:11:46 PM,-1.967,0.0125
255,11/26/22 02:11:46 AM,-1.595,0.0125
256,11/26/22 08:11:46 AM,-0.849,0.0125
257,11/26/22 02:11:46 PM,-0.229,0.0125
258,11/26/22 08:11:46 PM,-0.166,0.0125
259,11/27/22 02:11:46 AM,-1.346,0.0125
260,11/27/22 08:11:46 AM,-0.477,0.0125
261,11/27/22 02:11:46 PM,-0.539,0.0125
262,11/27/22 08:11:46 PM,-0.415,0.0125
263,11/28/22 02:11:46 AM,-0.663,0.0125
264,11/28/22 08:11:46 AM,-0.477,0.0125
265,11/28/22 02:11:46 PM,-0.042,0.0125
266,11/28/22 08:11:46 PM,-0.353,0.0125
267,11/29/22 02:11:46 AM,-0.166,0.0125
268,11/29/22 08:11:46 AM,-0.415,0.0125
269,11/29/22 02:11:46 PM,-0.912,0.0125
270,11/29/22 08:11:46 PM,-0.663,0.0125
271,11/30/22 02:11:46 AM,-0.725,0.0125
272,11/30/22 08:11:46 AM,-0.849,0.0125
273,11/30/22 02:11:46 PM,-0.725,0.0125
274,11/30/22 08:11:46 PM,-1.781,0.0125
275,12/01/22 02:11:46 AM,-2.153,0.0125
276,12/01/22 08:11:46 AM,-1.595,0.0125
277,12/01/22 02:11:46 PM,0.206,0.0125
278,12/01/22 08:11:46 PM,0.144,0.0125
279,12/02/22 02:11:46 AM,0.268,0.0125
280,12/02/22 08:11:46 AM,0.330,0.0125
281,12/02/22 02:11:46 PM,0.020,0.0125
282,12/02/22 08:11:46 PM,3.994,0.0125
283,12/03/22 02:11:46 AM,3.000,0.0125
284,12/03/22 08:11:46 AM,3.062,0.0125
285,12/03/22 02:11:46 PM,-2.091,0.0125
286,12/03/22 08:11:46 PM,-2.464,0.0125
287,12/04/22 02:11:46 AM,-2.712,0.0125
288,12/04/22 08:11:46 AM,-2.774,0.0125
289,12/04/22 02:11:46 PM,-2.961,0.0125
290,12/04/22 08:11:46 PM,-2.774,0.0125
291,12/05/22 02:11:46 AM,-2.278,0.0125
292,12/05/22 08:11:46 AM,-2.526,0.0125
293,12/05/22 02:11:46 PM,-2.464,0.0125
294,12/05/22 08:11:46 PM,-2.464,0.0125
295,12/06/22 02:11:46 AM,-2.402,0.0125
296,12/06/22 08:11:46 AM,-2.526,0.0125
297,12/06/22 02:11:46 PM,-2.526,0.0125
298,12/06/22 08:11:46 PM,-2.464,0.0125
299,12/07/22 02:11:46 AM,-2.464,0.0125
300,12/07/22 08:11:46 AM,-2.402,0.0125
301,12/07/22 02:11:46 PM,-2.650,0.0125
302,12/07/22 08:11:46 PM,-2.464,0.0125
303,12/08/22 02:11:46 AM,-2.526,0.0125
304,12/08/22 08:11:46 AM,-2.588,0.0125
305,12/08/22 02:11:46 PM,-2.899,0.0125
306,12/08/22 08:11:46 PM,-2.961,0.0125
307,12/09/22 02:11:46 AM,-2.961,0.0125
308,12/09/22 08:11:46 AM,-2.836,0.0125
309,12/09/22 02:11:46 PM,-2.774,0.0125
310,12/09/22 08:11:46 PM,-2.588,0.0125
311,12/10/22 02:11:46 AM,-2.588,0.0125
312,12/10/22 08:11:46 AM,-2.836,0.0125
313,12/10/22 02:11:46 PM,-2.961,0.0125
314,12/10/22 08:11:46 PM,-3.023,0.0125
315,12/11/22 02:11:46 AM,-3.333,0.0125
316,12/11/22 08:11:46 AM,-3.209,0.0125
317,12/11/22 02:11:46 PM,-3.085,0.0125
318,12/11/22 08:11:46 PM,-3.085,0.0125
319,12/12/22 02:11:46 AM,-3.209,0.0125
320,12/12/22 08:11:46 AM,-3.333,0.0125
321,12/12/22 02:11:46 PM,-2.588,0.0125
322,12/12/22 08:11:46 PM,-2.526,0.0125
323,12/13/22 02:11:46 AM,-0.912,0.0125
324,12/13/22 08:11:46 AM,3.745,0.0125
325,12/13/22 02:11:46 PM,1.945,0.0125
326,12/13/22 08:11:46 PM,1.883,0.0125
327,12/14/22 02:11:46 AM,1.510,0.0125
328,12/14/22 08:11:46 AM,1.758,0.0125
329,12/14/22 02:11:46 PM,0.951,0.0125
330,12/14/22 08:11:46 PM,1.945,0.0125
331,12/15/22 02:11:46 AM,-0.229,0.0125
332,12/15/22 08:11:46 AM,-0.291,0.0125
333,12/15/22 02:11:46 PM,-0.725,0.0125
334,12/15/22 08:11:46 PM,110.607,0.0125
335,12/16/22 02:11:46 AM,-0.353,0.0125
336,12/16/22 08:11:46 AM,110.607,0.0125
337,12/16/22 02:11:46 PM,1.138,0.0125
338,12/16/22 08:11:46 PM,2.007,0.0125
339,12/17/22 02:11:46 AM,2.193,0.0125
340,12/17/22 08:11:46 AM,2.690,0.0125
341,12/17/22 02:11:46 PM,2.566,0.0125
342,12/17/22 08:11:46 PM,2.628,0.0125
343,12/18/22 02:11:46 AM,2.566,0.0125
344,12/18/22 08:11:46 AM,2.193,0.0125
345,12/18/22 02:11:46 PM,2.131,0.0125
346,12/18/22 08:11:46 PM,1.821,0.0125
347,12/19/22 02:11:46 AM,1.945,0.0125
348,12/19/22 08:11:46 AM,1.821,0.0125
349,12/19/22 02:11:46 PM,1.572,0.0125
350,12/19/22 08:11:46 PM,1.324,0.0125
351,12/20/22 02:11:46 AM,110.732,0.0125
352,12/20/22 08:11:46 AM,2.379,0.0125
353,12/20/22 02:11:46 PM,1.634,0.0125
354,12/20/22 08:11:46 PM,1.883,0.0125
355,12/21/22 02:11:46 AM,2.193,0.0125
356,12/21/22 08:11:46 AM,2.193,0.0125
357,12/21/22 02:11:46 PM,2.131,0.0125
358,12/21/22 08:11:46 PM,2.069,0.0125
359,12/22/22 02:11:46 AM,2.131,0.0125
360,12/22/22 08:11:46 AM,2.255,0.0125
361,12/22/22 02:11:46 PM,1.138,0.0125
362,12/22/22 08:11:46 PM,2.131,0.0125
363,12/23/22 02:11:46 AM,2.193,0.0125
364,12/23/22 08:11:46 AM,2.007,0.0125
365,12/23/22 02:11:46 PM,2.007,0.0125
366,12/23/22 08:11:46 PM,1.945,0.0125
367,12/24/22 02:11:46 AM,1.572,0.0125
368,12/24/22 08:11:46 AM,2.131,0.0125
369,12/24/22 02:11:46 PM,2.069,0.0125
370,12/24/22 08:11:46 PM,1.696,0.0125
371,12/25/22 02:11:46 AM,1.821,0.0125
372,12/25/22 08:11:46 AM,2.007,0.0125
373,12/25/22 02:11:46 PM,1.821,0.0125
374,12/25/22 08:11:46 PM,1.510,0.0125
375,12/26/22 02:11:46 AM,1.883,0.0125
376,12/26/22 08:11:46 AM,2.069,0.0125
377,12/26/22 02:11:46 PM,2.007,0.0125
378,12/26/22 08:11:46 PM,1.945,0.0125
379,12/27/22 02:11:46 AM,0.517,0.0125
380,12/27/22 08:11:46 AM,1.262,0.0125
381,12/27/22 02:11:46 PM,1.075,0.0125
382,12/27/22 08:11:46 PM,1.013,0.0125
383,12/28/22 02:11:46 AM,1.200,0.0125
384,12/28/22 08:11:46 AM,1.013,0.0125
385,12/28/22 02:11:46 PM,1.075,0.0125
386,12/28/22 08:11:46 PM,110.607,0.0125
387,12/29/22 02:11:46 AM,3.497,0.0125
388,12/29/22 08:11:46 AM,3.621,0.0125
389,12/29/22 02:11:46 PM,3.497,0.0125
390,12/29/22 08:11:46 PM,3.621,0.0125
391,12/30/22 02:11:46 AM,3.373,0.0125
392,12/30/22 08:11:46 AM,3.435,0.0125
393,12/30/22 02:11:46 PM,3.187,0.0125
394,12/30/22 08:11:46 PM,2.752,0.0125
395,12/31/22 02:11:46 AM,2.814,0.0125
396,12/31/22 08:11:46 AM,0.641,0.0125
397,12/31/22 02:11:46 PM,0.206,0.0125
398,12/31/22 08:11:46 PM,0.455,0.0125
399,01/01/23 02:11:46 AM,0.579,0.0125
400,01/01/23 08:11:46 AM,110.483,0.0125
401,01/01/23 02:11:46 PM,110.732,0.0125
402,01/01/23 08:11:46 PM,110.918,0.0125
403,01/02/23 02:11:46 AM,110.794,0.0125
404,01/02/23 08:11:46 AM,3.373,0.0125
405,01/02/23 02:11:46 PM,4.987,0.0125
406,01/02/23 08:11:46 PM,4.863,0.0125
407,01/03/23 02:11:46 AM,4.863,0.0125
408,01/03/23 08:11:46 AM,5.236,0.0125
409,01/03/23 02:11:46 PM,5.049,0.0125
410,01/03/23 08:11:46 PM,4.553,0.0125
411,01/04/23 02:11:46 AM,4.677,0.0125
412,01/04/23 08:11:46 AM,4.491,0.0125
413,01/04/23 02:11:46 PM,3.745,0.0125
414,01/04/23 08:11:46 PM,3.621,0.0125
415,01/05/23 02:11:46 AM,3.621,0.0125
416,01/05/23 08:11:46 AM,3.187,0.0125
417,01/05/23 02:11:46 PM,3.870,0.0125
418,01/05/23 08:11:46 PM,3.932,0.0125
419,01/06/23 02:11:46 AM,4.056,0.0125
420,01/06/23 08:11:46 AM,3.870,0.0125
421,01/06/23 02:11:46 PM,3.683,0.0125
422,01/06/23 08:11:46 PM,3.187,0.0125
423,01/07/23 02:11:46 AM,3.373,0.0125
424,01/07/23 08:11:46 AM,3.559,0.0125
425,01/07/23 02:11:46 PM,110.545,0.0125
426,01/07/23 08:11:46 PM,110.918,0.0125
427,01/08/23 02:11:46 AM,110.980,0.0125
428,01/08/23 08:11:46 AM,110.856,0.0125
429,01/08/23 02:11:46 PM,110.794,0.0125
430,01/08/23 08:11:46 PM,110.794,0.0125
431,01/09/23 02:11:46 AM,7.471,0.0125
432,01/09/23 08:11:46 AM,7.533,0.0125
433,01/09/23 02:11:46 PM,6.974,0.0125
434,01/09/23 08:11:46 PM,6.912,0.0125
435,01/10/23 02:11:46 AM,6.788,0.0125
436,01/10/23 08:11:46 AM,7.657,0.0125
437,01/10/23 02:11:46 PM,7.595,0.0125
438,01/10/23 08:11:46 PM,7.844,0.0125
439,01/11/23 02:11:46 AM,7.595,0.0125
440,01/11/23 08:11:46 AM,7.657,0.0125
441,01/11/23 02:11:46 PM,7.533,0.0125
442,01/11/23 08:11:46 PM,7.409,0.0125
443,01/12/23 02:11:46 AM,7.098,0.0125
444,01/12/23 08:11:46 AM,7.285,0.0125
445,01/12/23 02:11:46 PM,7.161,0.0125
446,01/12/23 08:11:46 PM,6.850,0.0125
447,01/13/23 02:11:46 AM,6.912,0.0125
448,01/13/23 08:11:46 AM,7.036,0.0125
449,01/13/23 02:11:46 PM,7.285,0.0125
450,01/13/23 08:11:46 PM,7.161,0.0125
451,01/14/23 02:11:46 AM,6.974,0.0125
452,01/14/23 08:11:46 AM,6.788,0.0125
453,01/14/23 02:11:46 PM,6.353,0.0125
454,01/14/23 08:11:46 PM,6.912,0.0125
455,01/15/23 02:11:46 AM,6.602,0.0125
456,01/15/23 08:11:46 AM,6.229,0.0125
457,01/15/23 02:11:46 PM,5.670,0.0125
458,01/15/23 08:11:46 PM,5.422,0.0125
459,01/16/23 02:11:46 AM,5.049,0.0125
460,01/16/23 08:11:46 AM,4.242,0.0125
461,01/16/23 02:11:46 PM,110.670,0.0125
462,01/16/23 08:11:46 PM,110.856,0.0125
463,01/17/23 02:11:46 AM,5.484,0.0125
464,01/17/23 08:11:46 AM,4.739,0.0125
465,01/17/23 02:11:46 PM,4.987,0.0125
466,01/17/23 08:11:46 PM,3.932,0.0125
467,01/18/23 02:11:46 AM,4.491,0.0125
468,01/18/23 08:11:46 AM,4.863,0.0125
469,01/18/23 02:11:46 PM,5.546,0.0125
470,01/18/23 08:11:46 PM,7.595,0.0125
471,01/19/23 02:11:46 AM,5.857,0.0125
472,01/19/23 08:11:46 AM,6.291,0.0125
473,01/19/23 02:11:46 PM,6.043,0.0125
474,01/19/23 08:11:46 PM,5.422,0.0125
475,01/20/23 02:11:46 AM,4.801,0.0125
476,01/20/23 08:11:46 AM,4.925,0.0125
477,01/20/23 02:11:46 PM,4.863,0.0125
478,01/20/23 08:11:46 PM,5.919,0.0125
479,01/21/23 02:11:46 AM,110.607,0.0125
480,01/21/23 08:11:46 AM,5.298,0.0125
481,01/21/23 02:11:46 PM,110.607,0.0125
482,01/21/23 08:11:46 PM,4.801,0.0125
483,01/22/23 02:11:46 AM,6.353,0.0125
484,01/22/23 08:11:46 AM,7.657,0.0125
485,01/22/23 02:11:46 PM,11.383,0.0125
486,01/22/23 08:11:46 PM,7.844,0.0125
487,01/23/23 02:11:46 AM,6.664,0.0125
488,01/23/23 08:11:46 AM,6.664,0.0125
489,01/23/23 02:11:46 PM,6.167,0.0125
490,01/23/23 08:11:46 PM,6.291,0.0125
491,01/24/23 02:11:46 AM,7.409,0.0125
492,01/24/23 08:11:46 AM,7.595,0.0125
493,01/24/23 02:11:46 PM,8.527,0.0125
494,01/24/23 08:11:46 PM,9.272,0.0125
495,01/25/23 02:11:46 AM,9.582,0.0125
496,01/25/23 08:11:46 AM,9.334,0.0125
497,01/25/23 02:11:46 PM,9.148,0.0125
498,01/25/23 08:11:46 PM,10.948,0.0125
499,01/26/23 02:11:46 AM,10.824,0.0125
500,01/26/23 08:11:46 AM,9.334,0.0125
501,01/26/23 02:11:46 PM,9.458,0.0125
502,01/26/23 08:11:46 PM,9.582,0.0125
503,01/27/23 02:11:46 AM,9.210,0.0125
504,01/27/23 08:11:46 AM,9.023,0.0125
505,01/27/23 02:11:46 PM,8.713,0.0125
506,01/27/23 08:11:46 PM,9.210,0.0125
507,01/28/23 02:11:46 AM,9.520,0.0125
508,01/28/23 08:11:46 AM,8.837,0.0125
509,01/28/23 02:11:46 PM,8.899,0.0125
510,01/28/23 08:11:46 PM,9.334,0.0125
511,01/29/23 02:11:46 AM,8.216,0.0125
512,01/29/23 08:11:46 AM,12.749,0.0125
513,01/29/23 02:11:46 PM,15.543,0.0125
514,01/29/23 08:11:46 PM,14.177,0.0125
515,01/30/23 02:11:46 AM,13.929,0.0125
516,01/30/23 08:11:46 AM,110.794,0.0125
517,01/30/23 02:11:46 PM,111.042,0.0125
518,01/30/23 08:11:46 PM,111.104,0.0125
519,01/31/23 02:11:46 AM,14.612,0.0125
520,01/31/23 08:11:46 AM,14.115,0.0125
521,01/31/23 02:11:46 PM,13.308,0.0125
522,01/31/23 08:11:46 PM,14.115,0.0125
523,02/01/23 02:11:46 AM,14.550,0.0125
524,02/01/23 08:11:46 AM,14.550,0.0125
525,02/01/23 02:11:46 PM,14.612,0.0125
526,02/01/23 08:11:46 PM,14.115,0.0125
527,02/02/23 02:11:46 AM,14.612,0.0125
528,02/02/23 08:11:46 AM,14.860,0.0125
529,02/02/23 02:11:46 PM,13.308,0.0125
530,02/02/23 08:11:46 PM,14.736,0.0125
531,02/03/23 02:11:46 AM,14.612,0.0125
532,02/03/23 08:11:46 AM,14.115,0.0125
533,02/03/23 02:11:46 PM,12.687,0.0125
534,02/03/23 08:11:46 PM,14.301,0.0125
535,02/04/23 02:11:46 AM,14.798,0.0125
536,02/04/23 08:11:46 AM,14.674,0.0125
537,02/04/23 02:11:46 PM,13.308,0.0125
538,02/04/23 08:11:46 PM,14.860,0.0125
539,02/05/23 02:11:46 AM,14.053,0.0125
540,02/05/23 08:11:46 AM,14.053,0.0125
541,02/05/23 02:11:46 PM,12.997,0.0125
542,02/05/23 08:11:46 PM,14.488,0.0125
543,02/06/23 02:11:46 AM,14.053,0.0125
544,02/06/23 08:11:46 AM,14.860,0.0125
545,02/06/23 02:11:46 PM,13.991,0.0125
546,02/06/23 08:11:46 PM,14.488,0.0125
547,02/07/23 02:11:46 AM,14.612,0.0125
548,02/07/23 08:11:46 AM,14.550,0.0125
549,02/07/23 02:11:46 PM,15.046,0.0125
550,02/07/23 08:11:46 PM,13.121,0.0125
551,02/08/23 02:11:46 AM,13.867,0.0125
552,02/08/23 08:11:46 AM,14.177,0.0125
553,02/08/23 02:11:46 PM,15.171,0.0125
554,02/08/23 08:11:46 PM,15.046,0.0125
555,02/09/23 02:11:46 AM,15.108,0.0125
556,02/09/23 08:11:46 AM,15.108,0.0125
557,02/09/23 02:11:46 PM,15.046,0.0125
558,02/09/23 08:11:46 PM,15.233,0.0125
559,02/10/23 02:11:46 AM,15.357,0.0125
560,02/10/23 08:11:46 AM,15.171,0.0125
561,02/10/23 02:11:46 PM,15.295,0.0125
562,02/10/23 08:11:46 PM,15.419,0.0125
563,02/11/23 02:11:46 AM,15.543,0.0125
564,02/11/23 08:11:46 AM,15.729,0.0125
565,02/11/23 02:11:46 PM,15.419,0.0125
566,02/11/23 08:11:46 PM,15.481,0.0125
567,02/12/23 02:11:46 AM,15.481,0.0125
568,02/12/23 08:11:46 AM,15.543,0.0125
569,02/12/23 02:11:46 PM,13.929,0.0125
570,02/12/23 08:11:46 PM,15.791,0.0125
571,02/13/23 02:11:46 AM,15.729,0.0125
572,02/13/23 08:11:46 AM,15.791,0.0125
573,02/13/23 02:11:46 PM,14.984,0.0125
574,02/13/23 08:11:46 PM,15.171,0.0125
575,02/14/23 02:11:46 AM,15.233,0.0125
576,02/14/23 08:11:46 AM,14.798,0.0125
577,02/14/23 02:11:46 PM,13.556,0.0125
578,02/14/23 08:11:46 PM,15.171,0.0125
579,02/15/23 02:11:46 AM,14.798,0.0125
580,02/15/23 08:11:46 AM,14.798,0.0125
581,02/15/23 02:11:46 PM,13.867,0.0125
582,02/15/23 08:11:46 PM,14.798,0.0125
583,02/16/23 02:11:46 AM,14.736,0.0125
584,02/16/23 08:11:46 AM,14.798,0.0125
585,02/16/23 02:11:46 PM,12.563,0.0125
586,02/16/23 08:11:46 PM,15.295,0.0125
587,02/17/23 02:11:46 AM,14.550,0.0125
588,02/17/23 08:11:46 AM,15.108,0.0125
589,02/17/23 02:11:46 PM,13.246,0.0125
590,02/17/23 08:11:46 PM,14.922,0.0125
591,02/18/23 02:11:46 AM,14.798,0.0125
592,02/18/23 08:11:46 AM,14.736,0.0125
593,02/18/23 02:11:46 PM,14.550,0.0125
594,02/18/23 08:11:46 PM,14.798,0.0125
595,02/19/23 02:11:46 AM,14.736,0.0125
596,02/19/23 08:11:46 AM,14.798,0.0125
597,02/19/23 02:11:46 PM,13.432,0.0125
598,02/19/23 08:11:46 PM,13.867,0.0125
599,02/20/23 02:11:46 AM,14.798,0.0125
600,02/20/23 08:11:46 AM,14.860,0.0125
601,02/20/23 02:11:46 PM,13.991,0.0125
602,02/20/23 08:11:46 PM,14.922,0.0125
603,02/21/23 02:11:46 AM,15.046,0.0125
604,02/21/23 08:11:46 AM,14.860,0.0125
605,02/21/23 02:11:46 PM,14.425,0.0125
606,02/21/23 08:11:46 PM,14.736,0.0125
607,02/22/23 02:11:46 AM,14.239,0.0125
608,02/22/23 08:11:46 AM,14.301,0.0125
609,02/22/23 02:11:46 PM,13.432,0.0125
610,02/22/23 08:11:46 PM,14.488,0.0125
611,02/23/23 02:11:46 AM,15.233,0.0125
612,02/23/23 08:11:46 AM,14.239,0.0125
613,02/23/23 02:11:46 PM,14.363,0.0125
614,02/23/23 08:11:46 PM,15.978,0.0125
615,02/24/23 02:11:46 AM,15.046,0.0125
616,02/24/23 08:11:46 AM,14.550,0.0125
617,02/24/23 02:11:46 PM,16.599,0.0125
618,02/24/23 08:11:46 PM,14.612,0.0125
619,02/25/23 02:11:46 AM,14.612,0.0125
620,02/25/23 08:11:46 AM,14.798,0.0125
621,02/25/23 02:11:46 PM,14.177,0.0125
622,02/25/23 08:11:46 PM,14.922,0.0125
623,02/26/23 02:11:46 AM,15.295,0.0125
624,02/26/23 08:11:46 AM,15.357,0.0125
625,02/26/23 02:11:46 PM,15.419,0.0125
626,02/26/23 08:11:46 PM,15.046,0.0125
627,02/27/23 02:11:46 AM,15.108,0.0125
628,02/27/23 08:11:46 AM,14.984,0.0125
629,02/27/23 02:11:46 PM,14.550,0.0125
630,02/27/23 08:11:46 PM,15.046,0.0125
631,02/28/23 02:11:46 AM,14.488,0.0125
632,02/28/23 08:11:46 AM,14.425,0.0125
633,02/28/23 02:11:46 PM,13.991,0.0125
634,02/28/23 08:11:46 PM,14.674,0.0125
635,03/01/23 02:11:46 AM,14.550,0.0125
636,03/01/23 08:11:46 AM,14.674,0.0125
637,03/01/23 02:11:46 PM,12.749,0.0125
638,03/01/23 08:11:46 PM,14.612,0.0125
639,03/02/23 02:11:46 AM,14.922,0.0125
640,03/02/23 08:11:46 AM,14.922,0.0125
641,03/02/23 02:11:46 PM,14.550,0.0125
642,03/02/23 08:11:46 PM,14.860,0.0125
643,03/03/23 02:11:46 AM,15.108,0.0125
644,03/03/23 08:11:46 AM,15.233,0.0125
645,03/03/23 02:11:46 PM,12.314,0.0125
646,03/03/23 08:11:46 PM,14.612,0.0125
647,03/04/23 02:11:46 AM,15.171,0.0125
648,03/04/23 08:11:46 AM,14.798,0.0125
649,03/04/23 02:11:46 PM,14.550,0.0125
650,03/04/23 08:11:46 PM,14.798,0.0125
651,03/05/23 02:11:46 AM,14.550,0.0125
652,03/05/23 08:11:46 AM,14.674,0.0125
653,03/05/23 02:11:46 PM,13.308,0.0125
654,03/05/23 08:11:46 PM,14.860,0.0125
655,03/06/23 02:11:46 AM,14.612,0.0125
656,03/06/23 08:11:46 AM,14.798,0.0125
657,03/06/23 02:11:46 PM,13.059,0.0125
658,03/06/23 08:11:46 PM,14.922,0.0125
659,03/07/23 02:11:46 AM,14.984,0.0125
660,03/07/23 08:11:46 AM,14.984,0.0125
661,03/07/23 02:11:46 PM,14.115,0.0125
662,03/07/23 08:11:46 PM,14.922,0.0125
663,03/08/23 02:11:46 AM,14.922,0.0125
664,03/08/23 08:11:46 AM,14.488,0.0125
665,03/08/23 02:11:46 PM,14.488,0.0125
666,03/08/23 08:11:46 PM,14.425,0.0125
667,03/09/23 02:11:46 AM,14.425,0.0125
668,03/09/23 08:11:46 AM,14.550,0.0125
669,03/09/23 02:11:46 PM,14.115,0.0125
670,03/09/23 08:11:46 PM,14.239,0.0125
671,03/10/23 02:11:46 AM,14.488,0.0125
672,03/10/23 08:11:46 AM,14.363,0.0125
673,03/10/23 02:11:46 PM,14.177,0.0125
674,03/10/23 08:11:46 PM,13.991,0.0125
675,03/11/23 02:11:46 AM,14.239,0.0125
676,03/11/23 08:11:46 AM,14.301,0.0125
677,03/11/23 02:11:46 PM,14.239,0.0125
678,03/11/23 08:11:46 PM,14.488,0.0125
679,03/12/23 02:11:46 AM,14.425,0.0125
680,03/12/23 08:11:46 AM,14.363,0.0125
681,03/12/23 02:11:46 PM,14.301,0.0125
682,03/12/23 08:11:46 PM,14.301,0.0125
683,03/13/23 02:11:46 AM,14.488,0.0125
684,03/13/23 08:11:46 AM,14.425,0.0125
685,03/13/23 02:11:46 PM,13.991,0.0125
686,03/13/23 08:11:46 PM,14.363,0.0125
687,03/14/23 02:11:46 AM,14.425,0.0125
688,03/14/23 08:11:46 AM,14.301,0.0125
689,03/14/23 02:11:46 PM,13.246,0.0125
690,03/14/23 08:11:46 PM,14.301,0.0125
691,03/15/23 02:11:46 AM,14.488,0.0125
692,03/15/23 08:11:46 AM,14.301,0.0125
693,03/15/23 02:11:46 PM,12.749,0.0125
694,03/15/23 08:11:46 PM,14.363,0.0125
695,03/16/23 02:11:46 AM,14.115,0.0125
696,03/16/23 08:11:46 AM,14.177,0.0125
697,03/16/23 02:11:46 PM,12.438,0.0125
698,03/16/23 08:11:46 PM,14.239,0.0125
699,03/17/23 02:11:46 AM,14.301,0.0125
700,03/17/23 08:11:46 AM,14.363,0.0125
701,03/17/23 02:11:46 PM,12.625,0.0125
702,03/17/23 08:11:46 PM,14.488,0.0125
703,03/18/23 02:11:46 AM,14.488,0.0125
704,03/18/23 08:11:46 AM,14.425,0.0125
705,03/18/23 02:11:46 PM,13.680,0.0125
706,03/18/23 08:11:46 PM,14.363,0.0125
707,03/19/23 02:11:46 AM,14.425,0.0125
708,03/19/23 08:11:46 AM,14.425,0.0125
709,03/19/23 02:11:46 PM,13.742,0.0125
710,03/19/23 08:11:46 PM,13.991,0.0125
711,03/20/23 02:11:46 AM,14.301,0.0125
712,03/20/23 08:11:46 AM,14.115,0.0125
713,03/20/23 02:11:46 PM,12.376,0.0187
714,03/20/23 08:11:46 PM,14.115,0.0125
715,03/21/23 02:11:46 AM,14.425,0.0125
716,03/21/23 08:11:46 AM,14.425,0.0125
717,03/21/23 02:11:46 PM,13.867,0.0125
718,03/21/23 08:11:46 PM,14.053,0.0125
719,03/22/23 02:11:46 AM,13.867,0.0125
720,03/22/23 08:11:46 AM,13.867,0.0125
721,03/22/23 02:11:46 PM,13.308,0.0187
722,03/22/23 08:11:46 PM,14.053,0.0125
723,03/23/23 02:11:46 AM,14.301,0.0125
724,03/23/23 08:11:46 AM,14.301,0.0125
725,03/23/23 02:11:46 PM,13.059,0.0187
726,03/23/23 08:11:46 PM,14.363,0.0125
727,03/24/23 02:11:46 AM,13.991,0.0125
728,03/24/23 08:11:46 AM,14.239,0.0125
729,03/24/23 02:11:46 PM,12.687,0.0187
730,03/24/23 08:11:46 PM,13.867,0.0125
731,03/25/23 02:11:46 AM,14.177,0.0125
732,03/25/23 08:11:46 AM,14.115,0.0125
733,03/25/23 02:11:46 PM,13.680,0.0125
734,03/25/23 08:11:46 PM,14.301,0.0125
735,03/26/23 02:11:46 AM,13.680,0.0125
736,03/26/23 08:11:46 AM,14.053,0.0125
737,03/26/23 02:11:46 PM,13.805,0.0125
738,03/26/23 08:11:46 PM,13.867,0.0125
739,03/27/23 02:11:46 AM,13.929,0.0125
740,03/27/23 08:11:46 AM,13.742,0.0125
741,03/27/23 02:11:46 PM,13.432,0.0187
742,03/27/23 08:11:46 PM,13.618,0.0125
743,03/28/23 02:11:46 AM,13.867,0.0125
744,03/28/23 08:11:46 AM,14.612,0.0125
745,03/28/23 02:11:46 PM,16.661,0.0125
746,03/28/23 08:11:46 PM,14.984,0.0125
747,03/29/23 02:11:46 AM,15.046,0.0125
748,03/29/23 08:11:46 AM,14.177,0.0125
749,03/29/23 02:11:46 PM,14.053,0.0125
750,03/29/23 08:11:46 PM,14.860,0.0125
751,03/30/23 02:11:46 AM,14.798,0.0125
752,03/30/23 08:11:46 AM,14.736,0.0125
753,03/30/23 02:11:46 PM,14.425,0.0125
754,03/30/23 08:11:46 PM,14.550,0.0125
755,03/31/23 02:11:46 AM,14.736,0.0125
756,03/31/23 08:11:46 AM,14.674,0.0125
757,03/31/23 02:11:46 PM,14.736,0.0125
758,03/31/23 08:11:46 PM,14.860,0.0125
759,04/01/23 02:11:46 AM,14.798,0.0125
760,04/01/23 08:11:46 AM,14.612,0.0125
761,04/01/23 02:11:46 PM,14.488,0.0125
762,04/01/23 08:11:46 PM,14.922,0.0125
763,04/02/23 02:11:46 AM,14.860,0.0125
764,04/02/23 08:11:46 AM,14.425,0.0125
765,04/02/23 02:11:46 PM,14.115,0.0125
766,04/02/23 08:11:46 PM,14.550,0.0125
767,04/03/23 02:11:46 AM,14.922,0.0125
768,04/03/23 08:11:46 AM,14.488,0.0125
769,04/03/23 02:11:46 PM,14.239,0.0125
770,04/03/23 08:11:46 PM,14.736,0.0125
771,04/04/23 02:11:46 AM,14.798,0.0125
772,04/04/23 08:11:46 AM,14.736,0.0125
773,04/04/23 02:11:46 PM,13.991,0.0187
774,04/04/23 08:11:46 PM,14.425,0.0125
775,04/05/23 02:11:46 AM,13.991,0.0125
776,04/05/23 08:11:46 AM,14.115,0.0125
777,04/05/23 02:11:46 PM,14.239,0.0125
778,04/05/23 08:11:46 PM,15.233,0.0125
779,04/06/23 02:11:46 AM,15.233,0.0125
780,04/06/23 08:11:46 AM,14.922,0.0125
781,04/06/23 02:11:46 PM,15.046,0.0125
782,04/06/23 08:11:46 PM,15.233,0.0125
783,04/07/23 02:11:46 AM,15.481,0.0125
784,04/07/23 08:11:46 AM,14.798,0.0125
785,04/07/23 02:11:46 PM,13.805,0.0125
786,04/07/23 08:11:46 PM,13.991,0.0125
787,04/08/23 02:11:46 AM,13.867,0.0125
788,04/08/23 08:11:46 AM,13.308,0.0125
789,04/08/23 02:11:46 PM,13.867,0.0125
790,04/08/23 08:11:46 PM,14.115,0.0125
791,04/09/23 02:11:46 AM,14.053,0.0125
792,04/09/23 08:11:46 AM,13.929,0.0125
793,04/09/23 02:11:46 PM,13.618,0.0125
794,04/09/23 08:11:46 PM,13.556,0.0125
795,04/10/23 02:11:46 AM,13.556,0.0125
796,04/10/23 08:11:46 AM,13.680,0.0125
797,04/10/23 02:11:46 PM,13.370,0.0125
798,04/10/23 08:11:46 PM,13.556,0.0125
799,04/11/23 02:11:46 AM,13.805,0.0125
800,04/11/23 08:11:46 AM,13.618,0.0125
801,04/11/23 02:11:46 PM,13.494,0.0125
802,04/11/23 08:11:46 PM,13.432,0.0125
803,04/12/23 02:11:46 AM,14.363,0.0125
804,04/12/23 08:11:46 AM,13.618,0.0125
805,04/12/23 02:11:46 PM,13.618,0.0125
806,04/12/23 08:11:46 PM,13.929,0.0125
807,04/13/23 02:11:46 AM,14.115,0.0125
808,04/13/23 08:11:46 AM,13.805,0.0125
809,04/13/23 02:11:46 PM,13.680,0.0125
810,04/13/23 08:11:46 PM,13.867,0.0125
811,04/14/23 02:11:46 AM,14.053,0.0125
812,04/14/23 08:11:46 AM,13.742,0.0125
813,04/14/23 02:11:46 PM,14.860,0.0125
814,04/14/23 08:11:46 PM,14.674,0.0125
815,04/15/23 02:11:46 AM,14.798,0.0125
816,04/15/23 08:11:46 AM,14.363,0.0125
817,04/15/23 02:11:46 PM,14.550,0.0125
818,04/15/23 08:11:46 PM,14.425,0.0125
819,04/16/23 02:11:46 AM,15.171,0.0125
820,04/16/23 08:11:46 AM,15.729,0.0125
821,04/16/23 02:11:46 PM,17.220,0.0125
822,04/16/23 08:11:46 PM,14.301,0.0125
823,04/17/23 02:11:46 AM,14.301,0.0125
824,04/17/23 08:11:46 AM,13.742,0.0125
825,04/17/23 02:11:46 PM,13.432,0.0125
826,04/17/23 08:11:46 PM,13.556,0.0125
827,04/18/23 02:11:46 AM,13.618,0.0125
828,04/18/23 08:11:46 AM,13.494,0.0125
829,04/18/23 02:11:46 PM,13.556,0.0125
830,04/18/23 08:11:46 PM,13.618,0.0125
831,04/19/23 02:11:46 AM,13.556,0.0125
832,04/19/23 08:11:46 AM,13.370,0.0125
833,04/19/23 02:11:46 PM,12.997,0.0125
834,04/19/23 08:11:46 PM,13.308,0.0125
835,04/20/23 02:11:46 AM,13.432,0.0125
836,04/20/23 08:11:46 AM,13.246,0.0125
837,04/20/23 02:11:46 PM,12.128,0.0187
838,04/20/23 08:11:46 PM,13.121,0.0125
839,04/21/23 02:11:46 AM,13.370,0.0125
840,04/21/23 08:11:46 AM,13.494,0.0125
841,04/21/23 02:11:46 PM,13.867,0.0187
842,04/21/23 08:11:46 PM,15.046,0.0125
843,04/22/23 02:11:46 AM,23.118,0.0125
844,04/22/23 08:11:46 AM,13.370,0.0125
845,04/22/23 02:11:46 PM,13.308,0.0125
846,04/22/23 08:11:46 PM,13.494,0.0125
847,04/23/23 02:11:46 AM,13.556,0.0125
848,04/23/23 08:11:46 AM,13.246,0.0125
849,04/23/23 02:11:46 PM,13.184,0.0125
850,04/23/23 08:11:46 PM,13.246,0.0125
851,04/24/23 02:11:46 AM,13.308,0.0125
852,04/24/23 08:11:46 AM,13.246,0.0125
853,04/24/23 02:11:46 PM,12.935,0.0125
854,04/24/23 08:11:46 PM,13.370,0.0125
855,04/25/23 02:11:46 AM,13.184,0.0125
856,04/25/23 08:11:46 AM,12.997,0.0125
857,04/25/23 02:11:46 PM,12.935,0.0125
858,04/25/23 08:11:46 PM,13.121,0.0125
859,04/26/23 02:11:46 AM,13.494,0.0125
860,04/26/23 08:11:46 AM,12.997,0.0125
861,04/26/23 02:11:46 PM,12.501,0.0125
862,04/26/23 08:11:46 PM,12.563,0.0125
863,04/27/23 02:11:46 AM,12.997,0.0125
864,04/27/23 08:11:46 AM,12.997,0.0125
865,04/27/23 02:11:46 PM,12.687,0.0125
866,04/27/23 08:11:46 PM,13.184,0.0125
867,04/28/23 02:11:46 AM,13.121,0.0125
868,04/28/23 08:11:46 AM,13.184,0.0125
869,04/28/23 02:11:46 PM,11.818,0.0187
870,04/28/23 08:11:46 PM,12.438,0.0125
871,04/29/23 02:11:46 AM,13.184,0.0125
872,04/29/23 08:11:46 AM,12.687,0.0125
873,04/29/23 02:11:46 PM,12.749,0.0125
874,04/29/23 08:11:46 PM,12.935,0.0125
875,04/30/23 02:11:46 AM,13.184,0.0125
876,04/30/23 08:11:46 AM,13.121,0.0125
877,04/30/23 02:11:46 PM,12.873,0.0187
878,04/30/23 08:11:46 PM,12.997,0.0125
879,05/01/23 02:11:46 AM,15.046,0.0125
880,05/01/23 08:11:46 AM,16.040,0.0125
881,05/01/23 02:11:46 PM,13.680,0.0187
882,05/01/23 08:11:46 PM,13.680,0.0125
883,05/02/23 02:11:46 AM,14.239,0.0125
884,05/02/23 08:11:46 AM,12.997,0.0187
885,05/02/23 02:11:46 PM,13.742,0.0187
886,05/02/23 08:11:46 PM,13.059,0.0187
887,05/03/23 02:11:46 AM,13.991,0.0125
888,05/03/23 08:11:46 AM,13.867,0.0125
889,05/03/23 02:11:46 PM,13.308,0.0187
890,05/03/23 08:11:46 PM,13.618,0.0187
891,05/04/23 02:11:46 AM,14.115,0.0125
892,05/04/23 08:11:46 AM,13.618,0.0187
893,05/04/23 02:11:46 PM,11.010,0.0187
894,05/04/23 08:11:46 PM,11.197,0.0187
895,05/05/23 02:11:46 AM,12.190,0.0125
896,05/05/23 08:11:46 AM,12.376,0.0187
897,05/05/23 02:11:46 PM,12.190,0.0187
898,05/05/23 08:11:46 PM,12.687,0.0125
899,05/06/23 02:11:46 AM,12.873,0.0125
900,05/06/23 08:11:46 AM,12.749,0.0187
901,05/06/23 02:11:46 PM,12.438,0.0187
902,05/06/23 08:11:46 PM,12.066,0.0187
903,05/07/23 02:11:46 AM,12.190,0.0125
904,05/07/23 08:11:46 AM,12.314,0.0125
905,05/07/23 02:11:46 PM,11.135,0.0187
906,05/07/23 08:11:46 PM,11.569,0.0187
907,05/08/23 02:11:46 AM,12.066,0.0125
908,05/08/23 08:11:46 AM,12.004,0.0187
909,05/08/23 02:11:46 PM,11.321,0.0187
910,05/08/23 08:11:46 PM,11.880,0.0125
911,05/09/23 02:11:46 AM,11.942,0.0125
912,05/09/23 08:11:46 AM,11.507,0.0125
913,05/09/23 02:11:46 PM,10.265,0.0187
914,05/09/23 08:11:46 PM,10.514,0.0187
915,05/10/23 02:11:46 AM,11.259,0.0187
916,05/10/23 08:11:46 AM,10.638,0.0187
917,05/10/23 02:11:46 PM,9.085,0.0187
918,05/10/23 08:11:46 PM,9.644,0.0187
919,05/11/23 02:11:46 AM,10.451,0.0125
920,05/11/23 08:11:46 AM,10.265,0.0125
921,05/11/23 02:11:46 PM,8.465,0.0187
922,05/11/23 08:11:46 PM,8.837,0.0187
923,05/12/23 02:11:46 AM,9.955,0.0125
924,05/12/23 08:11:46 AM,9.831,0.0125
925,05/12/23 02:11:46 PM,9.582,0.0187
926,05/12/23 08:11:46 PM,9.582,0.0187
927,05/13/23 02:11:46 AM,10.203,0.0125
928,05/13/23 08:11:46 AM,9.706,0.0187
929,05/13/23 02:11:46 PM,8.837,0.0187
930,05/13/23 08:11:46 PM,7.347,0.0187
931,05/14/23 02:11:46 AM,8.402,0.0125
932,05/14/23 08:11:46 AM,7.719,0.0187
933,05/14/23 02:11:46 PM,5.484,0.0187
934,05/14/23 08:11:46 PM,4.366,0.0187
935,05/15/23 02:11:46 AM,5.174,0.0187
936,05/15/23 08:11:46 AM,5.049,0.0187
937,05/15/23 02:11:46 PM,2.317,0.0187
938,05/15/23 08:11:46 PM,1.138,0.0187
939,05/16/23 02:11:46 AM,2.628,0.0125
940,05/16/23 08:11:46 AM,3.187,0.0125
941,05/16/23 02:11:46 PM,2.690,0.0187
942,05/16/23 08:11:46 PM,2.131,0.0187
943,05/17/23 02:11:46 AM,2.255,0.0125
944,05/17/23 08:11:46 AM,2.379,0.0187
945,05/17/23 02:11:46 PM,1.013,0.0187
946,05/17/23 08:11:46 PM,0.641,0.0187
947,05/18/23 02:11:46 AM,1.262,0.0125
948,05/18/23 08:11:46 AM,1.200,0.0187
949,05/18/23 02:11:46 PM,0.579,0.0187
950,05/18/23 08:11:46 PM,0.082,0.0125
951,05/19/23 02:11:46 AM,0.641,0.0125
952,05/19/23 08:11:46 AM,0.082,0.0187
953,05/19/23 02:11:46 PM,-2.215,0.0187
954,05/19/23 08:11:46 PM,-4.389,0.0187
955,05/20/23 02:11:46 AM,-3.147,0.0187
956,05/20/23 08:11:46 AM,-3.519,0.0187
957,05/20/23 02:11:46 PM,-7.555,0.0187
958,05/20/23 08:11:46 PM,-8.114,0.0187
959,05/21/23 02:11:46 AM,-7.121,0.0125
960,05/21/23 08:11:46 AM,-6.810,0.0125
961,05/21/23 02:11:46 PM,-8.238,0.0187
962,05/21/23 08:11:46 PM,-8.673,0.0187
963,05/22/23 02:11:46 AM,-8.611,0.0187
964,05/22/23 08:11:46 AM,-8.238,0.0187
965,05/22/23 02:11:46 PM,-9.853,0.0187
966,05/22/23 08:11:46 PM,-9.915,0.0187
967,05/23/23 02:11:46 AM,-8.735,0.0187
968,05/23/23 08:11:46 AM,-7.990,0.0187
969,05/23/23 02:11:46 PM,-8.984,0.0187
970,05/23/23 08:11:46 PM,-8.611,0.0187
971,05/24/23 02:11:46 AM,-8.052,0.0125
972,05/24/23 08:11:46 AM,-7.493,0.0125
973,05/24/23 02:11:46 PM,-7.493,0.0187
974,05/24/23 08:11:46 PM,-7.742,0.0187
975,05/25/23 02:11:46 AM,-7.245,0.0125
976,05/25/23 08:11:46 AM,-7.804,0.0125
977,05/25/23 02:11:46 PM,-7.307,0.0187
978,05/25/23 08:11:46 PM,-7.680,0.0187
979,05/26/23 02:11:46 AM,-6.872,0.0125
980,05/26/23 08:11:46 AM,-7.493,0.0125
981,05/26/23 02:11:46 PM,-8.052,0.0187
982,05/26/23 08:11:46 PM,-8.301,0.0187
983,05/27/23 02:11:46 AM,-7.618,0.0187
984,05/27/23 08:11:46 AM,-7.307,0.0187
985,05/27/23 02:11:46 PM,-7.990,0.0187
986,05/27/23 08:11:46 PM,-7.928,0.0125
987,05/28/23 02:11:46 AM,-7.493,0.0125
988,05/28/23 08:11:46 AM,-7.183,0.0125
989,05/28/23 02:11:46 PM,-8.425,0.0187
990,05/28/23 08:11:46 PM,-9.605,0.0187
991,05/29/23 02:11:46 AM,-8.114,0.0125
992,05/29/23 08:11:46 AM,-8.922,0.0187
993,05/29/23 02:11:46 PM,-10.039,0.0187
994,05/29/23 08:11:46 PM,-11.033,0.0187
995,05/30/23 02:11:46 AM,-9.356,0.0187
996,05/30/23 08:11:46 AM,-9.356,0.0187
997,05/30/23 02:11:46 PM,-9.108,0.0187
998,05/30/23 08:11:46 PM,-9.046,0.0187
999,05/31/23 02:11:46 AM,-9.667,0.0187
1000,05/31/23 08:11:46 AM,-8.301,0.0187
1001,05/31/23 02:11:46 PM,-10.163,0.0187
1002,05/31/23 08:11:46 PM,-9.294,0.0187
1003,06/01/23 02:11:46 AM,-8.052,0.0125
1004,06/01/23 08:11:46 AM,-8.052,0.0187
1005,06/01/23 02:11:46 PM,-8.176,0.0187
1006,06/01/23 08:11:46 PM,-7.990,0.0187
1007,06/02/23 02:11:46 AM,-7.493,0.0125
1008,06/02/23 08:11:46 AM,-8.487,0.0187
1009,06/02/23 02:11:46 PM,-9.605,0.0187
1010,06/02/23 08:11:46 PM,-9.667,0.0187
1011,06/03/23 02:11:46 AM,-8.114,0.0187
1012,06/03/23 08:11:46 AM,-8.611,0.0187
1013,06/03/23 02:11:46 PM,-9.915,0.0187
1014,06/03/23 08:11:46 PM,-10.039,0.0187
1015,06/04/23 02:11:46 AM,-9.480,0.0187
1016,06/04/23 08:11:46 AM,-9.356,0.0187
1017,06/04/23 02:11:46 PM,-10.598,0.0187
1018,06/04/23 08:11:46 PM,-10.350,0.0187
1019,06/05/23 02:11:46 AM,-7.928,0.0125
1020,06/05/23 08:11:46 AM,-8.673,0.0187
1021,06/05/23 02:11:46 PM,-9.605,0.0187
1022,06/05/23 08:11:46 PM,-9.977,0.0187
1023,06/06/23 02:11:46 AM,-8.611,0.0187
1024,06/06/23 08:11:46 AM,-9.108,0.0187
1025,06/06/23 02:11:46 PM,-10.722,0.0187
1026,06/06/23 08:11:46 PM,-11.529,0.0187
1027,06/07/23 02:11:46 AM,-9.542,0.0125
1028,06/07/23 08:11:46 AM,-9.480,0.0187
1029,06/07/23 02:11:46 PM,-10.536,0.0187
1030,06/07/23 08:11:46 PM,-10.784,0.0187
1031,06/08/23 02:11:46 AM,-9.046,0.0187
1032,06/08/23 08:11:46 AM,-7.742,0.0187
1033,06/08/23 02:11:46 PM,-10.101,0.0187
1034,06/08/23 08:11:46 PM,-8.922,0.0187
1035,06/09/23 02:11:46 AM,-8.176,0.0187
1036,06/09/23 08:11:46 AM,-7.183,0.0125
1037,06/09/23 02:11:46 PM,-7.990,0.0187
1038,06/09/23 08:11:46 PM,-7.183,0.0125
1039,06/10/23 02:11:46 AM,-7.742,0.0125
1040,06/10/23 08:11:46 AM,-6.252,0.0125
1041,06/10/23 02:11:46 PM,-6.376,0.0187
1042,06/10/23 08:11:46 PM,-8.487,0.0187
1043,06/11/23 02:11:46 AM,-8.611,0.0125
1044,06/11/23 08:11:46 AM,-7.928,0.0187
1045,06/11/23 02:11:46 PM,-9.729,0.0187
1046,06/11/23 08:11:46 PM,-9.170,0.0187
1047,06/12/23 02:11:46 AM,-8.487,0.0187
1048,06/12/23 08:11:46 AM,-8.735,0.0187
1049,06/12/23 02:11:46 PM,-9.915,0.0187
1050,06/12/23 08:11:46 PM,-9.542,0.0187
1051,06/13/23 02:11:46 AM,-7.742,0.0187
1052,06/13/23 08:11:46 AM,-7.804,0.0187
1053,06/13/23 02:11:46 PM,-9.729,0.0187
1054,06/13/23 08:11:46 PM,-9.356,0.0187
1055,06/14/23 02:11:46 AM,1.200,0.0187
1056,06/14/23 08:11:46 AM,-5.879,0.0187
1057,06/14/23 02:11:46 PM,-9.915,0.0187
1058,06/14/23 08:11:46 PM,-10.039,0.0187
1059,06/15/23 02:11:46 AM,-5.879,0.0187
1060,06/15/23 08:11:46 AM,-8.922,0.0187
1061,06/15/23 02:11:46 PM,-5.755,0.0187
1062,06/15/23 08:11:46 PM,-10.163,0.0187
1063,06/16/23 02:11:46 AM,-9.294,0.0187
1064,06/16/23 08:11:46 AM,-9.542,0.0187
1065,06/16/23 02:11:46 PM,-10.598,0.0187
1066,06/16/23 08:11:46 PM,-10.536,0.0187
1067,06/17/23 02:11:46 AM,-7.493,0.0125
1068,06/17/23 08:11:46 AM,-5.631,0.0187
1069,06/17/23 02:11:46 PM,-6.624,0.0187
1070,06/17/23 08:11:46 PM,-7.431,0.0187
1071,06/18/23 02:11:46 AM,-5.196,0.0187
1072,06/18/23 08:11:46 AM,-0.104,0.0187
1073,06/18/23 02:11:46 PM,-8.797,0.0187
1074,06/18/23 08:11:46 PM,-9.853,0.0187
1075,06/19/23 02:11:46 AM,-4.016,0.0187
1076,06/19/23 08:11:46 AM,-7.618,0.0187
1077,06/19/23 02:11:46 PM,-9.605,0.0187
1078,06/19/23 08:11:46 PM,-9.480,0.0187
1079,06/20/23 02:11:46 AM,-3.954,0.0187
1080,06/20/23 08:11:46 AM,-5.010,0.0187
1081,06/20/23 02:11:46 PM,-9.108,0.0187
1082,06/20/23 08:11:46 PM,-7.680,0.0187
1083,06/21/23 02:11:46 AM,-5.755,0.0125
1084,06/21/23 08:11:46 AM,-7.245,0.0187
1085,06/21/23 02:11:46 PM,-9.356,0.0187
1086,06/21/23 08:11:46 PM,-9.667,0.0187
1087,06/22/23 02:11:46 AM,-1.595,0.0187
1088,06/22/23 08:11:46 AM,-8.487,0.0187
1089,06/22/23 02:11:46 PM,-8.735,0.0187
1090,06/22/23 08:11:46 PM,-7.804,0.0187
1091,06/23/23 02:11:46 AM,1.634,0.0125
1092,06/23/23 08:11:46 AM,-6.065,0.0125
1093,06/23/23 02:11:46 PM,-1.346,0.0187
1094,06/23/23 08:11:46 PM,-8.176,0.0187
1095,06/24/23 02:11:46 AM,-0.104,0.0187
1096,06/24/23 08:11:46 AM,-9.046,0.0187
1097,06/24/23 02:11:46 PM,-9.480,0.0187
1098,06/24/23 08:11:46 PM,-10.474,0.0187
1099,06/25/23 02:11:46 AM,-9.605,0.0187
1100,06/25/23 08:11:46 AM,-9.046,0.0187
1101,06/25/23 02:11:46 PM,-9.294,0.0187
1102,06/25/23 08:11:46 PM,-10.350,0.0187
1103,06/26/23 02:11:46 AM,-10.163,0.0187
1104,06/26/23 08:11:46 AM,-9.853,0.0187
1105,06/26/23 02:11:46 PM,-7.804,0.0187
1106,06/26/23 08:11:46 PM,-9.108,0.0187
1107,06/27/23 02:11:46 AM,-6.686,0.0187
1108,06/27/23 08:11:46 AM,-6.252,0.0187
1109,06/27/23 02:11:46 PM,-6.686,0.0187
1110,06/27/23 08:11:46 PM,-9.418,0.0187
1111,06/28/23 02:11:46 AM,-6.562,0.0187
1112,06/28/23 08:11:46 AM,-1.036,0.0187
1113,06/28/23 02:11:46 PM,-9.729,0.0187
1114,06/28/23 08:11:46 PM,-8.797,0.0187
1115,06/29/23 02:11:46 AM,-5.072,0.0187
1116,06/29/23 08:11:46 AM,-7.742,0.0187
1117,06/29/23 02:11:46 PM,-10.971,0.0187
1118,06/29/23 08:11:46 PM,-9.480,0.0187
1119,06/30/23 02:11:46 AM,-9.232,0.0187
1120,06/30/23 08:11:46 AM,-8.611,0.0187
1121,06/30/23 02:11:46 PM,-7.680,0.0187
1122,06/30/23 08:11:46 PM,-8.114,0.0187
1123,07/01/23 02:11:46 AM,-6.810,0.0187
1124,07/01/23 08:11:46 AM,-6.872,0.0187
1125,07/01/23 02:11:46 PM,-9.729,0.0187
1126,07/01/23 08:11:46 PM,-9.853,0.0187
1127,07/02/23 02:11:46 AM,-8.859,0.0187
1128,07/02/23 08:11:46 AM,-8.114,0.0187
1129,07/02/23 02:11:46 PM,-9.667,0.0187
1130,07/02/23 08:11:46 PM,-10.846,0.0187
1131,07/03/23 02:11:46 AM,-9.294,0.0187
1132,07/03/23 08:11:46 AM,-10.350,0.0187
1133,07/03/23 02:11:46 PM,-8.052,0.0187
1134,07/03/23 08:11:46 PM,-8.984,0.0187
1135,07/04/23 02:11:46 AM,-7.990,0.0187
1136,07/04/23 08:11:46 AM,-6.127,0.0187
1137,07/04/23 02:11:46 PM,-8.052,0.0187
1138,07/04/23 08:11:46 PM,-9.232,0.0187
1139,07/05/23 02:11:46 AM,-7.990,0.0187
1140,07/05/23 08:11:46 AM,-9.915,0.0187
1141,07/05/23 02:11:46 PM,-10.225,0.0187
1142,07/05/23 08:11:46 PM,-10.784,0.0187
1143,07/06/23 02:11:46 AM,-9.046,0.0187
1144,07/06/23 08:11:46 AM,-10.412,0.0187
1145,07/06/23 02:11:46 PM,-9.915,0.0187
1146,07/06/23 08:11:46 PM,-10.350,0.0187
1147,07/07/23 02:11:46 AM,-9.418,0.0187
1148,07/07/23 08:11:46 AM,-8.301,0.0187
1149,07/07/23 02:11:46 PM,-8.922,0.0187
1150,07/07/23 08:11:46 PM,-10.660,0.0187
1151,07/08/23 02:11:46 AM,-8.425,0.0187
1152,07/08/23 08:11:46 AM,-10.039,0.0187
1153,07/08/23 02:11:46 PM,-9.542,0.0187
1154,07/08/23 08:11:46 PM,-9.853,0.0187
1155,07/09/23 02:11:46 AM,-6.438,0.0187
1156,07/09/23 08:11:46 AM,-9.108,0.0187
1157,07/09/23 02:11:46 PM,-10.350,0.0187
1158,07/09/23 08:11:46 PM,-10.039,0.0187
1159,07/10/23 02:11:46 AM,-5.755,0.0187
1160,07/10/23 08:11:46 AM,-4.948,0.0187
1161,07/10/23 02:11:46 PM,-9.108,0.0187
1162,07/10/23 08:11:46 PM,-8.984,0.0187
1163,07/11/23 02:11:46 AM,-6.252,0.0187
1164,07/11/23 08:11:46 AM,-6.686,0.0187
1165,07/11/23 02:11:46 PM,-9.480,0.0187
1166,07/11/23 08:11:46 PM,-9.170,0.0187
1167,07/12/23 02:11:46 AM,-11.157,0.0187
1168,07/12/23 08:11:46 AM,-4.885,0.0187
1169,07/12/23 02:11:46 PM,-10.225,0.0187
1170,07/12/23 08:11:46 PM,-9.294,0.0187
1171,07/13/23 02:11:46 AM,-8.797,0.0187
1172,07/13/23 08:11:46 AM,-8.363,0.0187
1173,07/13/23 02:11:46 PM,-7.245,0.0187
1174,07/13/23 08:11:46 PM,-9.046,0.0187
1175,07/14/23 02:11:46 AM,-9.418,0.0187
1176,07/14/23 08:11:46 AM,-8.052,0.0187
1177,07/14/23 02:11:46 PM,-9.170,0.0187
1178,07/14/23 08:11:46 PM,-5.506,0.0187
1179,07/15/23 02:11:46 AM,-6.810,0.0187
1180,07/15/23 08:11:46 AM,-9.667,0.0187
1181,07/15/23 02:11:46 PM,-9.170,0.0187
1182,07/15/23 08:11:46 PM,-8.922,0.0187
1183,07/16/23 02:11:46 AM,-6.003,0.0187
1184,07/16/23 08:11:46 AM,-5.879,0.0187
1185,07/16/23 02:11:46 PM,-10.163,0.0187
1186,07/16/23 08:11:46 PM,-9.170,0.0187
1187,07/17/23 02:11:46 AM,-8.487,0.0187
1188,07/17/23 08:11:46 AM,-10.598,0.0187
1189,07/17/23 02:11:46 PM,-5.755,0.0187
1190,07/17/23 08:11:46 PM,-9.542,0.0187
1191,07/18/23 02:11:46 AM,-9.915,0.0187
1192,07/18/23 08:11:46 AM,-8.301,0.0187
1193,07/18/23 02:11:46 PM,-5.693,0.0187
1194,07/18/23 08:11:46 PM,-1.532,0.0187
1195,07/19/23 02:11:46 AM,-9.418,0.0187
1196,07/19/23 08:11:46 AM,-7.866,0.0187
1197,07/19/23 02:11:46 PM,-1.036,0.0187
1198,07/19/23 08:11:46 PM,-1.657,0.0187
1199,07/20/23 02:11:46 AM,-8.984,0.0187
1200,07/20/23 08:11:46 AM,-8.301,0.0187
1201,07/20/23 02:11:46 PM,-6.003,0.0187
1202,07/20/23 08:11:46 PM,-5.569,0.0187
1203,07/21/23 02:11:46 AM,-11.467,0.0187
1204,07/21/23 08:11:46 AM,-6.314,0.0187
1205,07/21/23 02:11:46 PM,-8.922,0.0187
1206,07/21/23 08:11:46 PM,-9.232,0.0187
1207,07/22/23 02:11:46 AM,-10.225,0.0187
1208,07/22/23 08:11:46 AM,-10.660,0.0187
1209,07/22/23 02:11:46 PM,-10.350,0.0187
1210,07/22/23 08:11:46 PM,-5.941,0.0187
1211,07/23/23 02:11:46 AM,-11.219,0.0187
1212,07/23/23 08:11:46 AM,-5.506,0.0187
1213,07/23/23 02:11:46 PM,-9.729,0.0187
1214,07/23/23 08:11:46 PM,-8.487,0.0187
1215,07/24/23 02:11:46 AM,-10.163,0.0187
1216,07/24/23 08:11:46 AM,-10.101,0.0187
1217,07/24/23 02:11:46 PM,-9.418,0.0187
1218,07/24/23 08:11:46 PM,-2.029,0.0187
1219,07/25/23 02:11:46 AM,-8.673,0.0187
1220,07/25/23 08:11:46 AM,-5.941,0.0187
1221,07/25/23 02:11:46 PM,-10.101,0.0187
1222,07/25/23 08:11:46 PM,-11.902,0.0187
1223,07/26/23 02:11:46 AM,-9.791,0.0187
1224,07/26/23 08:11:46 AM,-9.605,0.0187
1225,07/26/23 02:11:46 PM,-11.157,0.0187
1226,07/26/23 08:11:46 PM,-11.529,0.0187
1227,07/27/23 02:11:46 AM,-11.467,0.0187
1228,07/27/23 08:11:46 AM,-10.163,0.0187
1229,07/27/23 02:11:46 PM,-10.598,0.0187
1230,07/27/23 08:11:46 PM,-11.157,0.0187
1231,07/28/23 02:11:46 AM,-11.219,0.0187
1232,07/28/23 08:11:46 AM,-10.536,0.0187
1233,07/28/23 02:11:46 PM,-11.343,0.0187
1234,07/28/23 08:11:46 PM,-11.033,0.0187
1235,07/29/23 02:11:46 AM,-9.791,0.0187
1236,07/29/23 08:11:46 AM,-10.288,0.0187
1237,07/29/23 02:11:46 PM,-11.840,0.0187
1238,07/29/23 08:11:46 PM,-10.225,0.0187
1239,07/30/23 02:11:46 AM,-2.340,0.0187
1240,07/30/23 08:11:46 AM,-9.729,0.0187
1241,07/30/23 02:11:46 PM,-10.225,0.0187
1242,07/30/23 08:11:46 PM,-10.101,0.0187
1243,07/31/23 02:11:46 AM,-12.399,0.0187
1244,07/31/23 08:11:46 AM,-10.908,0.0187
1245,07/31/23 02:11:46 PM,-9.667,0.0187
1246,07/31/23 08:11:46 PM,-9.915,0.0187
1247,08/01/23 02:11:46 AM,-8.797,0.0187
1248,08/01/23 08:11:46 AM,-9.232,0.0187
1249,08/01/23 02:11:46 PM,-11.778,0.0187
